Coincidence Evaluation
05.06.98
15:35:54
longtime1
Shift [ns]:	-17.486
Window [ns]:	 15.000
E(0,0):		 -0.665	  0.008
E(0,1):		 -0.624	  0.008
E(1,0):		  0.701	  0.008
E(1,1):		 -0.614	  0.009
S:		 -0.046	  0.016
Violation:	-128.769
Coincidences:	  36594
Matrix:

    941	   4310	   4544	    675
    523	    891	   3677	   2966
   3624	    664	    702	   3320
   3893	   3886	   1232	    746

Singles:
414073	433414	498069	476156

482906
440871
330428
345795

Histogram:

   -31.74	   263.00
   -30.24	   295.00
   -28.74	   355.00
   -27.24	   409.00
   -25.74	  1316.00
   -24.25	  2748.00
   -22.75	  3345.00
   -21.25	  3306.00
   -19.75	  3381.00
   -18.25	  3264.00
   -16.76	  3086.00
   -15.26	  3075.00
   -13.76	  3136.00
   -12.26	  3108.00
   -10.76	  2860.00
    -9.27	  1766.00
    -7.77	   446.00
    -6.27	   176.00
    -4.77	   158.00
    -3.27	   101.00
