Coincidence Evaluation
09.02.99
09:45:49
scanblue1
-100.00	   0.00	  47168	  48605	  50847	  55054	 201674	  35661	  34704	  34976	  34101	 139442    725	    417	     19	    352	    348	    713	    505	     44	     15	    408	    942	    475	    383	     32	    375	    688	   6441	  0.960	  0.007	 -0.102	  0.025	  0.080	  0.025	  0.897	  0.011	  2.039	  0.037	  1.056
 -95.00	   0.00	  47384	  48569	  51232	  54764	 201949	  35145	  34458	  35033	  34163	 138799    701	    472	     31	    264	    285	    716	    631	     64	     25	    322	    922	    577	    418	     33	    316	    663	   6440	  0.933	  0.009	 -0.272	  0.024	  0.283	  0.024	  0.869	  0.013	  2.357	  0.037	  9.643
 -90.00	   0.00	  47417	  48946	  50779	  54983	 202125	  35526	  34225	  35221	  34090	 139062    700	    503	     43	    228	    216	    693	    583	     97	     40	    296	    930	    688	    433	     79	    246	    680	   6455	  0.903	  0.010	 -0.375	  0.024	  0.389	  0.022	  0.773	  0.016	  2.440	  0.038	 11.568
 -85.00	   0.00	  47564	  48498	  51166	  55244	 202472	  35616	  34910	  35515	  34053	 140094    653	    582	     77	    180	    186	    693	    652	    130	     61	    195	    844	    673	    559	     82	    198	    625	   6390	  0.831	  0.014	 -0.518	  0.021	  0.540	  0.021	  0.723	  0.018	  2.612	  0.037	 16.402
 -80.00	   0.00	  47259	  48862	  50822	  54538	 201481	  35053	  34924	  35002	  34324	 139303    595	    619	    100	    131	    129	    612	    748	    199	    118	    157	    818	    736	    572	    118	    141	    611	   6404	  0.733	  0.017	 -0.660	  0.019	  0.649	  0.019	  0.588	  0.021	  2.631	  0.038	 16.768
 -75.00	   0.00	  47366	  49482	  50852	  54615	 202315	  35558	  34319	  35426	  34148	 139451    563	    632	    165	     91	    102	    537	    805	    233	    169	    118	    747	    859	    550	    179	    110	    553	   6413	  0.594	  0.020	 -0.729	  0.017	  0.754	  0.016	  0.451	  0.023	  2.529	  0.038	 13.758
 -70.00	   0.00	  47527	  49201	  50465	  54680	 201873	  35391	  34172	  34892	  34184	 138639    546	    703	    221	     69	     58	    495	    811	    263	    212	     69	    683	    805	    608	    175	     92	    502	   6312	  0.479	  0.022	 -0.809	  0.015	  0.832	  0.014	  0.390	  0.024	  2.510	  0.038	 13.328
 -65.00	   0.00	  47735	  49141	  50908	  54166	 201950	  35380	  34819	  34851	  33882	 138932    475	    713	    273	     35	     43	    459	    853	    358	    299	     37	    665	    837	    590	    232	     66	    437	   6372	  0.332	  0.023	 -0.860	  0.013	  0.911	  0.010	  0.206	  0.025	  2.308	  0.038	  8.137
 -60.00	   0.00	  47376	  49559	  50532	  54464	 201931	  35451	  34408	  34942	  34228	 139029    392	    767	    330	     19	     31	    410	    827	    404	    343	     22	    599	    879	    623	    270	     43	    450	   6409	  0.191	  0.024	 -0.903	  0.011	  0.951	  0.007	  0.121	  0.025	  2.167	  0.037	  4.455
 -55.00	   0.00	  47533	  49924	  50629	  54316	 202402	  35468	  34470	  35266	  34465	 139669    366	    733	    415	     12	     30	    377	    821	    507	    387	     16	    521	    850	    658	    321	     30	    409	   6453	  0.050	  0.024	 -0.922	  0.010	  0.965	  0.007	 -0.026	  0.025	  1.964	  0.037	 -0.990
 -50.00	   0.00	  47448	  49654	  50669	  53516	 201287	  35721	  34713	  35303	  34191	 139928    268	    749	    482	     23	     28	    290	    844	    542	    434	     26	    452	    897	    629	    348	     31	    289	   6332	 -0.120	  0.025	 -0.923	  0.010	  0.942	  0.008	 -0.212	  0.025	  2.197	  0.038	  5.227
 -45.00	   0.00	  47647	  50148	  50627	  54086	 202508	  35131	  34459	  34816	  34323	 138729    286	    740	    558	     45	     41	    254	    837	    564	    529	     36	    351	    857	    627	    437	     38	    265	   6465	 -0.261	  0.023	 -0.898	  0.011	  0.903	  0.010	 -0.317	  0.024	  2.379	  0.037	 10.253
 -40.00	   0.00	  47266	  50130	  50635	  53611	 201642	  35388	  34511	  35158	  33961	 139018    196	    678	    558	     63	     81	    181	    775	    624	    638	     51	    282	    860	    636	    476	     70	    208	   6377	 -0.429	  0.022	 -0.807	  0.015	  0.862	  0.012	 -0.478	  0.023	  2.575	  0.037	 15.451
 -35.00	   0.00	  46688	  50066	  50817	  54022	 201593	  35250	  34700	  35032	  34168	 139150    175	    719	    688	     87	    110	    154	    757	    727	    640	     95	    191	    855	    607	    540	     83	    191	   6619	 -0.568	  0.020	 -0.752	  0.017	  0.793	  0.015	 -0.572	  0.020	  2.685	  0.036	 18.931
 -30.00	   0.00	  46686	  50354	  51097	  53744	 201881	  35400	  34834	  35275	  34105	 139614    136	    619	    721	    145	    142	    105	    704	    765	    725	    134	    154	    846	    548	    618	    118	    131	   6611	 -0.666	  0.018	 -0.656	  0.019	  0.680	  0.018	 -0.708	  0.018	  2.710	  0.036	 19.606
 -25.00	   0.00	  46647	  50214	  50817	  53644	 201322	  35290	  34592	  35315	  34551	 139748     84	    586	    712	    171	    175	     90	    668	    780	    799	    190	    100	    676	    532	    600	    166	     86	   6415	 -0.783	  0.015	 -0.557	  0.021	  0.555	  0.021	 -0.774	  0.016	  2.669	  0.037	 18.149
 -20.00	   0.00	  46752	  50278	  51062	  53742	 201834	  35329	  34787	  34869	  34201	 139186     56	    526	    788	    207	    276	     59	    585	    787	    730	    224	     74	    666	    483	    655	    187	     78	   6381	 -0.842	  0.013	 -0.395	  0.023	  0.469	  0.022	 -0.826	  0.014	  2.533	  0.038	 14.193
 -15.00	   0.00	  46623	  50260	  51137	  53349	 201369	  35403	  34703	  35304	  34392	 139802     40	    505	    807	    300	    272	     45	    541	    793	    762	    323	     47	    578	    482	    686	    233	     39	   6453	 -0.895	  0.011	 -0.339	  0.024	  0.270	  0.023	 -0.893	  0.011	  2.396	  0.037	 10.689
 -10.00	   0.00	  46690	  50138	  51457	  53645	 201930	  35479	  34653	  35259	  34221	 139612     18	    387	    790	    298	    344	     35	    490	    834	    817	    376	     22	    501	    391	    657	    305	     28	   6293	 -0.951	  0.008	 -0.152	  0.025	  0.137	  0.025	 -0.919	  0.010	  2.159	  0.038	  4.212
  -5.00	   0.00	  46770	  50330	  51203	  53731	 202034	  35310	  34352	  35063	  34408	 139133     15	    393	    817	    413	    402	     31	    402	    825	    881	    445	     17	    475	    343	    680	    396	     27	   6562	 -0.963	  0.006	  0.034	  0.025	  0.006	  0.024	 -0.926	  0.010	  1.929	  0.037	 -1.927
   0.00	   0.00	  46321	  49927	  51951	  53624	 201823	  35768	  34755	  35105	  34187	 139815     21	    329	    782	    496	    481	     54	    311	    849	    810	    545	     17	    380	    330	    703	    425	     43	   6576	 -0.953	  0.007	  0.171	  0.025	 -0.190	  0.023	 -0.882	  0.012	  2.197	  0.037	  5.318
   5.00	   0.00	  46684	  50216	  51881	  53495	 202276	  35406	  34656	  34982	  33944	 138988     35	    256	    870	    552	    553	     81	    274	    822	    857	    590	     35	    352	    264	    618	    504	     54	   6717	 -0.922	  0.009	  0.325	  0.024	 -0.305	  0.023	 -0.829	  0.014	  2.381	  0.037	 10.332
  10.00	   0.00	  46274	  49900	  52469	  53763	 202406	  35476	  34567	  35279	  34350	 139672     48	    188	    784	    581	    550	     87	    250	    754	    778	    673	     70	    248	    230	    659	    548	     67	   6515	 -0.860	  0.012	  0.392	  0.023	 -0.484	  0.021	 -0.803	  0.015	  2.539	  0.037	 14.545
  15.00	   0.00	  46173	  49927	  52093	  53709	 201902	  35216	  34465	  35240	  34220	 139141     88	    145	    774	    588	    651	    133	    184	    668	    790	    665	    120	    185	    167	    634	    598	     87	   6477	 -0.765	  0.015	  0.561	  0.021	 -0.583	  0.020	 -0.711	  0.018	  2.620	  0.037	 16.559
  20.00	   0.00	  46049	  49687	  52018	  54002	 201756	  35772	  34566	  35017	  34169	 139524    137	    133	    711	    667	    711	    178	    129	    749	    738	    739	    163	    150	    108	    619	    638	    137	   6707	 -0.657	  0.018	  0.701	  0.018	 -0.665	  0.018	 -0.626	  0.019	  2.649	  0.037	 17.736
  25.00	   0.00	  46401	  49484	  52054	  54051	 201990	  35617	  34696	  35082	  34103	 139498    164	     85	    684	    691	    735	    196	    100	    578	    706	    807	    201	     87	     90	    606	    711	    208	   6649	 -0.584	  0.019	  0.768	  0.016	 -0.794	  0.015	 -0.491	  0.022	  2.637	  0.036	 17.496
  30.00	   0.00	  45700	  49547	  52607	  53925	 201779	  35469	  34360	  34910	  34300	 139039    200	     56	    614	    749	    731	    270	     67	    519	    625	    826	    306	     53	     89	    571	    751	    265	   6692	 -0.420	  0.022	  0.810	  0.015	 -0.871	  0.012	 -0.342	  0.023	  2.442	  0.037	 11.934
  35.00	   0.00	  45896	  49667	  52149	  54429	 202141	  35398	  34550	  35288	  34113	 139349    285	     28	    565	    816	    665	    330	     53	    501	    608	    891	    340	     36	     50	    449	    763	    353	   6733	 -0.305	  0.022	  0.865	  0.013	 -0.928	  0.009	 -0.164	  0.024	  2.261	  0.037	  7.134
  35.00	   0.00	  45896	  49667	  52149	  54429	 202141	  35398	  34550	  35288	  34113	 139349    285	     28	    565	    816	    665	    330	     53	    501	    608	    891	    340	     36	     50	    449	    763	    353	   6733	 -0.305	  0.022	  0.865	  0.013	 -0.928	  0.009	 -0.164	  0.024	  2.261	  0.037	  7.134
  35.00	   0.00	  46076	  49576	  52449	  54217	 202318	  35385	  34464	  35124	  33984	 138957    257	     32	    606	    775	    733	    317	     64	    479	    603	    873	    350	     40	     47	    453	    739	    249	   6617	 -0.331	  0.022	  0.860	  0.013	 -0.916	  0.010	 -0.244	  0.025	  2.352	  0.037	  9.486
  40.00	   0.00	  45891	  49319	  52724	  53798	 201732	  35021	  34716	  35016	  34060	 138813    273	     19	    542	    770	    735	    365	     44	    461	    528	    874	    385	     18	     34	    428	    785	    315	   6576	 -0.238	  0.023	  0.902	  0.011	 -0.956	  0.007	 -0.133	  0.025	  2.230	  0.037	  6.284
  45.00	   0.00	  46187	  49312	  52351	  54163	 202013	  35211	  34595	  35104	  33919	 138829    374	     16	    465	    777	    736	    465	     34	    362	    464	    843	    501	     12	     38	    372	    737	    389	   6585	 -0.030	  0.024	  0.907	  0.011	 -0.966	  0.006	  0.076	  0.025	  1.978	  0.037	 -0.593
  50.00	   0.00	  46201	  48755	  52649	  54852	 202457	  35364	  34858	  35023	  34147	 139392    403	     27	    398	    767	    707	    500	     49	    323	    383	    830	    591	     28	     33	    296	    771	    446	   6552	  0.120	  0.024	  0.895	  0.011	 -0.933	  0.009	  0.209	  0.025	  2.157	  0.037	  4.245
  55.00	   0.00	  46188	  49338	  52380	  54960	 202866	  35408	  34288	  34955	  34108	 138759    478	     36	    310	    757	    723	    546	     78	    286	    335	    843	    631	     31	     54	    256	    759	    458	   6581	  0.265	  0.023	  0.836	  0.014	 -0.920	  0.010	  0.299	  0.024	  2.319	  0.037	  8.543
  60.00	   0.00	  46234	  48738	  52407	  54981	 202360	  35524	  34160	  34889	  33626	 138199    528	     68	    229	    724	    760	    638	    115	    192	    241	    848	    719	     73	     56	    204	    721	    519	   6635	  0.453	  0.022	  0.793	  0.015	 -0.835	  0.013	  0.490	  0.022	  2.571	  0.037	 15.518
  65.00	   0.00	  46635	  48642	  52292	  54995	 202564	  35154	  34315	  35005	  34117	 138591    574	     90	    175	    677	    624	    648	    146	    160	    205	    793	    781	    112	     93	    169	    675	    603	   6525	  0.562	  0.020	  0.689	  0.018	 -0.758	  0.016	  0.584	  0.020	  2.593	  0.038	 15.810
  70.00	   0.00	  47051	  48600	  52150	  55534	 203335	  35423	  34305	  34875	  34128	 138731    582	    139	    125	    662	    619	    703	    198	    110	    158	    734	    819	    133	    115	    135	    642	    595	   6469	  0.664	  0.018	  0.602	  0.020	 -0.674	  0.018	  0.682	  0.019	  2.622	  0.038	 16.574
  75.00	   0.00	  46414	  48518	  52290	  55592	 202814	  35334	  34826	  34957	  34014	 139131    644	    177	     84	    598	    550	    737	    244	     90	     95	    697	    852	    231	    167	     83	    638	    645	   6532	  0.786	  0.015	  0.486	  0.022	 -0.521	  0.021	  0.777	  0.016	  2.571	  0.037	 15.315
  80.00	   0.00	  46963	  48712	  51845	  55200	 202720	  35102	  34328	  34949	  34315	 138694    658	    236	     66	    521	    534	    721	    292	     44	     44	    632	    883	    266	    187	     77	    586	    647	   6394	  0.867	  0.012	  0.401	  0.023	 -0.393	  0.023	  0.837	  0.014	  2.498	  0.037	 13.385
  85.00	   0.00	  47354	  48563	  51635	  54949	 202501	  35201	  34697	  34760	  33573	 138231    709	    311	     23	    471	    483	    758	    341	     35	     36	    579	    917	    343	    255	     54	    533	    644	   6492	  0.930	  0.009	  0.261	  0.024	 -0.232	  0.024	  0.881	  0.012	  2.304	  0.037	  8.218
  90.00	   0.00	  47255	  48829	  51309	  55219	 202612	  35031	  34171	  34540	  33936	 137678    707	    356	     22	    421	    395	    777	    425	     29	     19	    453	    940	    368	    286	     42	    437	    632	   6309	  0.951	  0.007	  0.078	  0.025	 -0.094	  0.025	  0.904	  0.011	  2.028	  0.038	  0.731
  95.00	   0.00	  46884	  48327	  51574	  55259	 202044	  35193	  34355	  34924	  33951	 138423    682	    428	     17	    360	    320	    726	    480	     42	     16	    404	    931	    495	    342	     33	    403	    676	   6355	  0.960	  0.007	 -0.064	  0.025	  0.094	  0.024	  0.898	  0.011	  2.017	  0.038	  0.444
