Coincidence Evaluation
09.02.99
09:55:18
scanrednew
   0.00	-100.00	  18934	  19817	  23009	  23100	  84860	  16844	  17603	  16284	  16308	  67039    196	    105	      7	     92	    106	    181	    147	      4	     10	    126	    302	    104	     85	      7	    133	    210	   1815	  0.934	  0.016	  0.015	  0.046	 -0.021	  0.048	  0.945	  0.016	  1.915	  0.071	 -1.202
   0.00	 -95.00	  19026	  19747	  22960	  23060	  84793	  16803	  18057	  16341	  16197	  67398    190	     83	     10	    123	    122	    186	    124	      7	     13	    141	    346	    113	     87	      4	    159	    237	   1945	  0.918	  0.017	  0.142	  0.045	 -0.148	  0.046	  0.949	  0.015	  2.157	  0.068	  2.310
   0.00	 -90.00	  19016	  19552	  23097	  23137	  84802	  16850	  17783	  16812	  16292	  67737    204	     66	     15	    132	    130	    197	    117	      8	     24	    140	    279	     82	     73	     12	    194	    211	   1884	  0.851	  0.023	  0.261	  0.043	 -0.295	  0.047	  0.907	  0.020	  2.313	  0.070	  4.457
   0.00	 -85.00	  19188	  19843	  23059	  23235	  85325	  16764	  17708	  16599	  16156	  67227    212	     46	     25	    134	    116	    197	    118	     15	     30	    194	    303	     54	     59	     17	    200	    192	   1912	  0.807	  0.025	  0.282	  0.043	 -0.533	  0.041	  0.848	  0.026	  2.470	  0.069	  6.765
   0.00	 -80.00	  19048	  19445	  23165	  23201	  84859	  16586	  17725	  16681	  16180	  67172    193	     42	     36	    143	    152	    170	     68	     22	     42	    193	    271	     58	     52	     37	    214	    226	   1919	  0.712	  0.030	  0.506	  0.039	 -0.541	  0.040	  0.741	  0.031	  2.500	  0.071	  7.038
   0.00	 -75.00	  18894	  19632	  23116	  22898	  84540	  16589	  17616	  16860	  16216	  67281    173	     26	     42	    158	    150	    164	     57	     25	     53	    187	    260	     44	     35	     30	    224	    216	   1844	  0.640	  0.033	  0.605	  0.037	 -0.663	  0.037	  0.747	  0.032	  2.655	  0.070	  9.411
   0.00	 -70.00	  18863	  19614	  22779	  23382	  84638	  16492	  17795	  17116	  16325	  67916    163	     19	     74	    181	    151	    173	     43	     57	     70	    226	    267	     35	     25	     55	    259	    203	   2001	  0.498	  0.036	  0.715	  0.032	 -0.766	  0.030	  0.541	  0.038	  2.520	  0.068	  7.610
   0.00	 -65.00	  19149	  19832	  23003	  23498	  85482	  16356	  17382	  17191	  16547	  67476    145	     12	    100	    181	    197	    133	     25	     50	    100	    222	    227	     22	     10	     83	    259	    205	   1971	  0.301	  0.040	  0.857	  0.023	 -0.844	  0.026	  0.435	  0.041	  2.438	  0.067	  6.521
   0.00	 -60.00	  18967	  19657	  23211	  23337	  85172	  16387	  17221	  17035	  16414	  67057    115	      5	    109	    190	    150	    125	     17	     63	     85	    222	    231	     11	      7	     82	    262	    197	   1871	  0.281	  0.041	  0.890	  0.022	 -0.925	  0.018	  0.379	  0.043	  2.476	  0.066	  7.210
   0.00	 -55.00	  19254	  19928	  23035	  23379	  85596	  16530	  17390	  17056	  16605	  67581    107	      3	    123	    196	    195	    104	      7	     69	    123	    213	    179	      8	     11	    111	    263	    177	   1889	  0.075	  0.043	  0.924	  0.017	 -0.948	  0.016	  0.219	  0.045	  2.166	  0.067	  2.483
   0.00	 -50.00	  18988	  19697	  23156	  23228	  85069	  16516	  16929	  16855	  16590	  66890     98	      2	    154	    174	    169	    100	      9	    105	    149	    238	    136	      5	      8	    116	    304	    158	   1925	 -0.128	  0.043	  0.931	  0.017	 -0.967	  0.013	  0.077	  0.046	  2.103	  0.066	  1.563
   0.00	 -45.00	  19017	  19564	  23144	  23253	  84978	  16710	  17081	  17262	  16680	  67733     82	      4	    161	    202	    187	     86	     12	    120	    162	    235	    119	     12	      6	    104	    287	    122	   1901	 -0.233	  0.042	  0.927	  0.017	 -0.929	  0.017	 -0.037	  0.048	  2.126	  0.069	  1.838
   0.00	 -40.00	  19205	  19728	  22952	  23567	  85452	  16838	  16999	  17247	  16894	  67978     75	     18	    185	    212	    194	     57	     16	    142	    163	    199	    114	     11	     12	    130	    259	     88	   1875	 -0.296	  0.041	  0.884	  0.021	 -0.868	  0.024	 -0.305	  0.047	  2.352	  0.070	  5.039
   0.00	 -35.00	  19141	  19981	  23282	  23359	  85763	  17015	  17118	  17012	  16978	  68123     53	     24	    231	    199	    164	     52	     37	    162	    227	    196	     86	     17	     31	    151	    257	     69	   1956	 -0.534	  0.035	  0.722	  0.031	 -0.812	  0.028	 -0.442	  0.043	  2.511	  0.069	  7.361
   0.00	 -30.00	  19133	  19727	  23384	  23552	  85796	  16886	  16886	  16974	  16774	  67520     52	     35	    246	    186	    133	     30	     40	    168	    188	    188	     58	     34	     39	    141	    240	     46	   1824	 -0.596	  0.034	  0.650	  0.036	 -0.688	  0.034	 -0.605	  0.041	  2.540	  0.073	  7.416
   0.00	 -25.00	  19066	  19577	  23317	  23266	  85226	  16867	  17174	  16983	  17104	  68128     19	     37	    283	    150	    164	     25	     53	    169	    210	    178	     50	     48	     41	    175	    214	     43	   1859	 -0.754	  0.028	  0.602	  0.037	 -0.588	  0.040	 -0.670	  0.037	  2.614	  0.071	  8.655
   0.00	 -20.00	  19151	  19815	  23388	  23149	  85503	  17142	  16962	  16919	  17091	  68114     12	     57	    267	    154	    141	     13	     58	    161	    217	    163	     30	     67	     74	    174	    213	     22	   1823	 -0.840	  0.024	  0.457	  0.040	 -0.438	  0.043	 -0.811	  0.030	  2.546	  0.070	  7.757
   0.00	 -15.00	  19019	  19716	  23175	  23312	  85222	  17055	  16814	  16695	  17357	  67921     13	     65	    308	    140	    147	     11	     91	    189	    190	    131	     17	     82	     65	    166	    207	     14	   1836	 -0.886	  0.020	  0.388	  0.041	 -0.297	  0.047	 -0.868	  0.025	  2.440	  0.070	  6.281
   0.00	 -10.00	  18994	  19872	  23481	  23324	  85671	  17224	  16956	  16717	  17274	  68171      9	     99	    308	    149	    106	      5	    117	    196	    204	    128	     18	     82	     91	    186	    170	     10	   1878	 -0.900	  0.019	  0.140	  0.045	 -0.210	  0.046	 -0.924	  0.019	  2.174	  0.070	  2.508
   0.00	  -5.00	  19201	  19799	  23123	  23550	  85673	  17341	  16783	  16894	  17543	  68561     10	     95	    305	    107	     89	      3	    132	    196	    254	    104	      4	    116	    107	    201	    167	      7	   1897	 -0.951	  0.013	  0.034	  0.045	  0.000	  0.049	 -0.951	  0.015	  1.936	  0.069	 -0.920
   0.00	   0.00	  19294	  19785	  23299	  23622	  86000	  17325	  17018	  16770	  17509	  68622     15	    128	    271	    110	     78	      4	    166	    173	    245	     83	      9	    141	    121	    184	    164	     11	   1903	 -0.911	  0.018	 -0.085	  0.043	  0.165	  0.046	 -0.919	  0.020	  2.080	  0.069	  1.166
   0.00	   5.00	  18923	  19952	  23507	  23295	  85677	  17528	  16778	  16588	  17176	  68070     16	    145	    265	     76	     78	     17	    187	    202	    226	     76	     15	    138	    143	    177	    105	      9	   1875	 -0.881	  0.021	 -0.287	  0.042	  0.301	  0.046	 -0.872	  0.024	  2.341	  0.070	  4.864
   0.00	  10.00	  19036	  19997	  23332	  23359	  85724	  17515	  17050	  16268	  17247	  68080     18	    161	    296	     73	     47	     17	    214	    186	    224	     63	     24	    156	    139	    138	     82	     14	   1852	 -0.851	  0.022	 -0.465	  0.040	  0.400	  0.043	 -0.825	  0.030	  2.540	  0.070	  7.739
   0.00	  15.00	  19282	  19701	  23100	  23517	  85600	  17511	  16729	  16322	  17525	  68087     24	    172	    250	     60	     56	     26	    207	    158	    244	     46	     37	    188	    178	    168	     65	     15	   1894	 -0.780	  0.027	 -0.522	  0.038	  0.545	  0.039	 -0.777	  0.033	  2.624	  0.069	  9.063
   0.00	  20.00	  18958	  19956	  23313	  23432	  85659	  17637	  17061	  16308	  17396	  68402     44	    178	    236	     35	     24	     27	    247	    134	    186	     46	     65	    167	    194	    155	     56	     32	   1826	 -0.589	  0.035	 -0.693	  0.032	  0.620	  0.038	 -0.661	  0.040	  2.563	  0.073	  7.740
   0.00	  25.00	  18970	  19604	  23211	  23496	  85281	  17954	  17023	  16117	  17091	  68185     59	    160	    243	     31	     17	     42	    267	    171	    179	     14	     72	    214	    168	    121	     40	     30	   1828	 -0.526	  0.036	 -0.768	  0.029	  0.785	  0.030	 -0.604	  0.042	  2.684	  0.069	  9.875
   0.00	  30.00	  19064	  19861	  23425	  23389	  85739	  17553	  17333	  16046	  16960	  67892     69	    187	    244	     25	     23	     53	    266	    145	    158	     15	    101	    225	    185	    128	     28	     46	   1898	 -0.406	  0.038	 -0.797	  0.027	  0.823	  0.027	 -0.468	  0.046	  2.493	  0.071	  6.973
   0.00	  35.00	  18808	  19798	  23198	  23260	  85064	  17662	  17568	  16241	  17221	  68692     82	    198	    196	     13	     12	     75	    270	    131	    130	      4	    123	    194	    185	    108	     14	     55	   1790	 -0.228	  0.042	 -0.892	  0.021	  0.917	  0.020	 -0.295	  0.050	  2.332	  0.071	  4.661
   0.00	  40.00	  19002	  19685	  23611	  23393	  85691	  17757	  17655	  16131	  17109	  68652     79	    184	    195	      7	      4	     83	    266	    115	    118	      4	    123	    207	    190	     92	     16	     73	   1756	 -0.216	  0.043	 -0.916	  0.018	  0.945	  0.016	 -0.140	  0.052	  2.217	  0.072	  3.026
   0.00	  45.00	  19319	  19922	  23270	  23408	  85919	  17818	  17492	  15824	  16750	  67884    121	    197	    150	      6	      4	    100	    279	    105	    107	      1	    172	    229	    217	     94	      6	     90	   1878	  0.065	  0.043	 -0.960	  0.012	  0.968	  0.012	 -0.023	  0.051	  2.017	  0.068	  0.245
   0.00	  50.00	  19109	  19551	  23209	  23203	  85072	  17611	  17433	  15908	  16727	  67679    135	    172	    141	      6	      4	    111	    283	     87	     97	      7	    205	    233	    218	     70	      5	    120	   1894	  0.176	  0.041	 -0.965	  0.012	  0.938	  0.017	  0.191	  0.050	  2.270	  0.068	  3.983
   0.00	  55.00	  18916	  19808	  23308	  23451	  85483	  17516	  17713	  15737	  16516	  67673    151	    213	    118	      9	     15	    123	    271	     66	     62	      9	    210	    229	    194	     69	     11	    107	   1857	  0.335	  0.041	 -0.894	  0.020	  0.922	  0.018	  0.260	  0.051	  2.411	  0.070	  5.848
   0.00	  60.00	  19043	  19627	  23312	  23496	  85478	  17127	  17762	  15852	  16752	  67493    155	    179	     99	     11	     20	    134	    294	     64	     65	     15	    218	    241	    188	     52	     23	    135	   1893	  0.389	  0.040	 -0.836	  0.024	  0.883	  0.022	  0.397	  0.047	  2.506	  0.070	  7.282
   0.00	  65.00	  19033	  19788	  22998	  23602	  85421	  17486	  17996	  16105	  16717	  68304    183	    168	     55	     30	     29	    147	    253	     62	     41	     24	    275	    209	    182	     43	     33	    136	   1870	  0.653	  0.032	 -0.751	  0.030	  0.749	  0.032	  0.459	  0.045	  2.612	  0.070	  8.687
   0.00	  70.00	  18974	  19635	  23283	  23272	  85164	  17231	  17959	  16050	  16344	  67584    162	    158	     52	     39	     39	    147	    247	     36	     30	     55	    287	    199	    167	     28	     55	    156	   1857	  0.691	  0.031	 -0.630	  0.034	  0.583	  0.038	  0.651	  0.040	  2.555	  0.072	  7.700
   0.00	  75.00	  19206	  19568	  23469	  23382	  85625	  17131	  17934	  16250	  16351	  67666    172	    156	     36	     41	     58	    136	    238	     29	     21	     49	    329	    175	    172	     20	     69	    162	   1863	  0.796	  0.026	 -0.527	  0.037	  0.572	  0.040	  0.718	  0.037	  2.613	  0.071	  8.668
   0.00	  80.00	  19225	  19839	  23249	  23537	  85850	  17072	  17861	  16258	  16458	  67649    191	    143	     17	     51	     64	    187	    243	     21	     19	     83	    337	    157	    162	     10	     82	    175	   1942	  0.872	  0.021	 -0.470	  0.038	  0.382	  0.044	  0.842	  0.027	  2.567	  0.067	  8.413
   0.00	  85.00	  19306	  19643	  23629	  23361	  85939	  17357	  17936	  16442	  16429	  68164    210	    112	     21	     58	     85	    186	    186	     19	      5	     83	    357	    148	    127	      5	    107	    169	   1878	  0.912	  0.017	 -0.240	  0.043	  0.297	  0.048	  0.873	  0.025	  2.322	  0.071	  4.532
   0.00	  90.00	  18968	  19860	  23409	  23210	  85447	  17203	  18016	  16616	  16340	  68175    221	     90	     12	     79	     82	    168	    189	     17	      8	    109	    302	    128	    115	      3	    146	    177	   1846	  0.926	  0.016	 -0.143	  0.043	  0.074	  0.049	  0.890	  0.024	  2.033	  0.072	  0.468
   0.00	  95.00	  19142	  19471	  23234	  23588	  85435	  17019	  17966	  16633	  16294	  67912    213	     80	     11	     94	    119	    191	    146	     11	     10	    122	    319	    119	     94	      8	    159	    222	   1918	  0.924	  0.016	  0.073	  0.044	 -0.041	  0.049	  0.912	  0.020	  1.950	  0.071	 -0.703
   0.00	 100.00	  19054	  19628	  23384	  23520	  85586	  16801	  17779	  16491	  16217	  67288    206	     83	     12	    123	    164	    187	    122	     10	     16	    125	    351	    103	     89	      2	    191	    183	   1967	  0.904	  0.018	  0.254	  0.041	 -0.143	  0.048	  0.937	  0.018	  2.239	  0.067	  3.543
