Coincidence Evaluation
09.02.99
10:14:44
wigner scan alice
   0.00	   0.00	  67346	  65606	  67858	  68279	 269089	  71559	  70919	  66543	  69564	 278585     56	    363	   1184	    570	    200	     27	    944	    905	   1144	    639	     60	    374	    856	   1006	    279	     69	   8676	 -0.905	  0.009	 -0.580	  0.017	 -0.243	  0.022	 -0.904	  0.010	  2.632	  0.031	 20.603
   0.00	   0.00	  66820	  65420	  67834	  68543	 268617	  71387	  70411	  66469	  68702	 276969     46	    352	   1190	    577	    223	     31	    857	    879	   1179	    741	     73	    307	    715	    952	    290	     58	   8470	 -0.904	  0.009	 -0.508	  0.019	 -0.333	  0.021	 -0.907	  0.010	  2.653	  0.031	 20.954
   0.00	   0.00	  67430	  65848	  67587	  68043	 268908	  71339	  70362	  66091	  68922	 276714     47	    319	   1181	    618	    268	     19	    871	    925	   1147	    739	     60	    268	    777	    822	    304	     44	   8409	 -0.912	  0.008	 -0.485	  0.019	 -0.396	  0.021	 -0.930	  0.009	  2.723	  0.030	 23.825
   0.00	   0.00	  67142	  65470	  67984	  67845	 268441	  71518	  70744	  66327	  68416	 277005     44	    266	   1206	    596	    310	     29	    796	    809	   1211	    804	     48	    222	    702	    859	    339	     51	   8292	 -0.927	  0.008	 -0.395	  0.020	 -0.483	  0.020	 -0.908	  0.010	  2.714	  0.031	 23.089
   0.00	   0.00	  67257	  65791	  68053	  68449	 269550	  72441	  70443	  66838	  68208	 277930     42	    223	   1188	    665	    328	     27	    749	    761	   1161	    816	     62	    225	    666	    834	    454	     55	   8256	 -0.915	  0.008	 -0.288	  0.020	 -0.536	  0.019	 -0.902	  0.011	  2.641	  0.031	 20.644
   0.00	   0.00	  67403	  65300	  68220	  67626	 268549	  71447	  70804	  66643	  69144	 278038     46	    162	   1196	    693	    376	     37	    767	    805	   1131	    853	     99	    149	    679	    889	    465	     53	   8400	 -0.883	  0.009	 -0.265	  0.020	 -0.665	  0.017	 -0.899	  0.010	  2.711	  0.030	 23.664
   0.00	   0.00	  66836	  66173	  68029	  67476	 268514	  71926	  70246	  66480	  68732	 277384     74	    152	   1190	    734	    412	     50	    634	    760	   1199	    863	    102	    157	    547	    841	    497	     58	   8270	 -0.863	  0.010	 -0.130	  0.022	 -0.676	  0.017	 -0.874	  0.012	  2.542	  0.032	 17.203
   0.00	   0.00	  66727	  66136	  67795	  67530	 268188	  71538	  69996	  67201	  68377	 277112     74	    118	   1160	    762	    448	     60	    585	    694	   1075	    950	    120	    132	    528	    809	    511	     58	   8084	 -0.840	  0.011	 -0.074	  0.022	 -0.745	  0.015	 -0.854	  0.013	  2.514	  0.032	 16.306
   0.00	   0.00	  66992	  66195	  67899	  66857	 267943	  71754	  70518	  66730	  68682	 277684     81	    114	   1107	    762	    462	     69	    562	    678	   1068	    961	    115	    105	    569	    777	    586	     81	   8097	 -0.835	  0.011	 -0.038	  0.021	 -0.774	  0.014	 -0.813	  0.015	  2.460	  0.032	 14.531
   0.00	   0.00	  66842	  65716	  68039	  67185	 267782	  71807	  70415	  66157	  67961	 276340    121	     90	   1013	    758	    550	     84	    538	    704	   1072	    974	    151	     93	    464	    766	    584	    100	   8062	 -0.769	  0.013	  0.062	  0.022	 -0.809	  0.013	 -0.778	  0.015	  2.417	  0.033	 12.824
   0.00	   0.00	  66223	  66236	  68040	  67220	 267719	  71978	  70273	  67086	  68787	 278124    137	     59	   1100	    833	    635	    109	    439	    674	   1068	    969	    181	     84	    397	    769	    658	    144	   8256	 -0.744	  0.013	  0.215	  0.021	 -0.853	  0.012	 -0.702	  0.017	  2.513	  0.033	 15.718
   0.00	   0.00	  66657	  66123	  67777	  67449	 268006	  71395	  70431	  66784	  68866	 277476    161	     49	   1049	    816	    628	    133	    410	    701	   1006	   1059	    238	     83	    403	    782	    685	    172	   8375	 -0.675	  0.015	  0.235	  0.021	 -0.868	  0.011	 -0.659	  0.018	  2.437	  0.033	 13.154
   0.00	   0.00	  66356	  66390	  68090	  67033	 267869	  71753	  71202	  66015	  68783	 277753    191	     50	   1036	    787	    725	    169	    401	    713	    935	   1019	    261	     63	    351	    862	    789	    203	   8555	 -0.627	  0.016	  0.336	  0.020	 -0.882	  0.011	 -0.618	  0.018	  2.463	  0.033	 14.130
   0.00	   0.00	  66599	  66251	  68205	  67015	 268070	  71719	  70333	  66132	  68382	 276566    256	     36	    990	    816	    694	    229	    326	    727	    920	    989	    302	     49	    295	    691	    832	    266	   8418	 -0.548	  0.017	  0.422	  0.020	 -0.910	  0.010	 -0.482	  0.020	  2.362	  0.034	 10.632
   0.00	   0.00	  65930	  66312	  68699	  67206	 268147	  71790	  70897	  66404	  68828	 277919    248	     21	   1003	    807	    747	    233	    272	    691	    897	   1036	    368	     47	    274	    617	    895	    242	   8398	 -0.510	  0.017	  0.501	  0.019	 -0.929	  0.008	 -0.467	  0.021	  2.407	  0.034	 12.028
   0.00	   0.00	  65965	  65868	  68606	  66445	 266884	  71883	  70382	  66258	  68654	 277177    310	     30	    958	    837	    743	    242	    241	    550	    830	    967	    387	     40	    231	    620	    926	    236	   8148	 -0.439	  0.018	  0.559	  0.018	 -0.925	  0.009	 -0.420	  0.022	  2.343	  0.035	  9.819
   0.00	   0.00	  65677	  65609	  68487	  66995	 266768	  71775	  69993	  66393	  68248	 276409    322	     21	    875	    862	    740	    267	    248	    677	    868	    980	    393	     52	    239	    640	    870	    301	   8355	 -0.418	  0.018	  0.536	  0.018	 -0.924	  0.009	 -0.397	  0.021	  2.275	  0.035	  7.937
   0.00	   0.00	  65488	  66143	  68782	  66619	 267032	  71728	  70357	  66554	  68827	 277466    370	     31	    886	    857	    840	    330	    188	    521	    772	    986	    435	     46	    183	    605	    960	    258	   8268	 -0.346	  0.019	  0.658	  0.016	 -0.920	  0.009	 -0.314	  0.023	  2.238	  0.035	  6.808
   0.00	   0.00	  65282	  65833	  68788	  66519	 266422	  71631	  70310	  66818	  68850	 277609    361	     41	    804	    841	    870	    300	    185	    525	    750	    994	    500	     53	    172	    525	   1010	    325	   8256	 -0.287	  0.019	  0.681	  0.015	 -0.903	  0.010	 -0.254	  0.024	  2.124	  0.036	  3.475
   0.00	   0.00	  64963	  65483	  68783	  67048	 266277	  71715	  70751	  66776	  68635	 277877    392	     61	    734	    849	    878	    384	    154	    464	    686	    949	    545	     65	    155	    502	    941	    365	   8124	 -0.205	  0.020	  0.710	  0.015	 -0.869	  0.011	 -0.127	  0.024	  1.910	  0.037	 -2.456
   0.00	   0.00	  65631	  65496	  68793	  66965	 266885	  71730	  71007	  66460	  68729	 277926    508	     84	    674	    818	    908	    409	    129	    420	    688	    990	    616	     78	    105	    462	   1014	    358	   8261	 -0.096	  0.020	  0.783	  0.013	 -0.836	  0.012	 -0.070	  0.025	  1.784	  0.037	 -5.914
